日期	        时间类别      时间值	Token值	货币值	时间货币注释
 316	P2      4	320	  0      3470	
    	P1      4 	 80       8      -4650	
        P0      6	 20	  6      2150
317	P2	4	320	2.5	3870
	P1	4	80	8.25	-5250           多个P1级别工作同时进行，效率较低
	P0	6	20	3.25	2365
318	P2	4	320	1	4750		
	P1	4	80	8	-6330	        效率较低，全天噪音，内容枯燥	
	P0	6	20	5	2545		
319	P2	4	320	1.5	5470		
	P1	4	80	6.5	-7210		
	P0	6	20	6	5630		
320	P2	4	320	0	6030		连续三天工作效率较低，集中精力完成15010301号工作，工作总时间超过10小时，但中间效率较低，产出较少，故而折扣记录
	P1	4	80	6	-7930		
	P0	6	20	8	5150		
321	P2	4	320	0	6590		
	P1	4	80	6	-8650	2840+5735	CUMULUS会议注册费、往返机票（15010601号工单）
	P0	6	20	8	4670		
322	P2	4	320	0	7150		
	P1	4	80	6	-9370		
	P0	6	20	8	4190		


