日期	时间类别	  时间值	Token值	货币值	时间注释
401  	P2     	4	 320	3		        气温达35度，非常不适，晚上坝坝舞噪音极大
        P1	4	 80	2.25			
     	P0    	6	 20			        朋友打电话约1小时，办理一些手续准备回京，换办公室，未计算，数值可能需要调整。
402	P2	4	320	2.5	9015		重庆-南昌途中
	P1	4	80	0	-12910		
	P0	6	20	11.5	9910		
403	P2	4	320	6.5	9145		南昌达仁生态农庄考察
	P1	4	80	0	-12910		
	P0	6	20	7.5	10040		
404	P2	4	320	0	9145		清明节扫墓
	P1	4	80	0	-12910		
	P0	6	20	14	10040		
405	P2	4	320	0	9145		回北京途中
	P1	4	80	0	-12910		
	P0	6	20	14	10040		
406	P2	4	320	0	9145		修电脑
	P1	4	80	1	-12930		
	P0	6	20	13	10060		
407	P2	4	320	4.5	9055		
	P1	4	80	4	-12930		
	P0	6	20	5.5	9225		
408	P2	4	320	1.5	9505		情绪低落
	P1	4	80	5.5	-13490		
	P0	6	20	7	9365		
409	P2	4	320	2.25	9985		
	P1	4	80	5.75	-14130		
	P0	6	20	6	9525		
410	P2	4	320	3	9925		在外一天，修好电脑
	P1	4	80	0	-14130		
	P0	6	20	11	9585		
411	P2	4	320	12	10165		和同行探讨业务需求
	P1	4	80	0	-14130		
	P0	6	20	2	9825		
412	P2	4	320	5	10005		
	P1	4	80	3	-14130		
	P0	6	20	6	9985		
413	P2	4	320	10	9725		业务模式讨论
	P1	4	80	2	-14010		
	P0	6	20	2	10225	
414	P2	4	320	2.5	10125
	P1	4	80	5.5	-14570
	P0	6	20	6	10385
415	P2	4	320	2.75	10445
	P1	4	80	5.25	-15050
	P0	6	20	6	10545
416	P2	4	320	8.5	10230	服务设计？生活方式设计的买单人？	
	P1	4	80	3.25	-15070		
	P0	6	20	2.25	10780		
417	P2	4	320	3.25	10165		
	P1	4	80	3.5	-15140		
	P0	6	20	7.25	10300		
418	P2	4	320	3.5	10095		
	P1	4	80	3.25	-15205		
	P0	6	20	7.25	10435	驾校报名一年多，第一次上法培课	
419	P2	4	320	1	10075		
	P1	4	80	2.5	-15255		
	P0	6	20	10.5	10505	连续两天睡眠不足，脑力难以为续	
420	P2	4	320	6	9955	记录不能成为形式，但如何改变？	
	P1	4	80	4	-15335		
	P0	6	20	4	10705	以前记录有误？数字对不上	
421	P2	4	320	4	9875		
	P1	4	80	5	-15435	需要加速进化，尽早脱离能效低下的契约和契约来源机构。	
	P0	6	20	5	10885		
422	P2	4	320	3.25	160	找到了之前误算的原因，当天清零，重新记录并累积		
	P1	4	80	6	-345			
	P0	6	20	4.75	185			
423	P2	4	320	0	1360	未及时记录，竟无法记起当天工作内容		
	P1	4	80	9	-1725			
	P0	6	20	5	365	如此计算正确，累积后token总值是相等的。		
424	P2	4	320	0	2560			
	P1	4	80	12	-3165	-1200	北京-重庆交通费	如何进行token与货币的兑换需要重新思考
	P0	6	20	2	605		Penny来京，西苑请吃饭	
425	P2	4	320	0	3760		下乡调研第一天	
	P1	4	80	12.5	-4615			
	P0	6	20	1.5	855			
426	P2	4	320	0	4960			
	P1	4	80	12.5	-6065			
	P0	6	20	1.5	1105			
427	P2	4	320	0	6160			
	P1	4	80	14.5	-7555			
	P0	6	20	-0.5	1395			
428	P2	4	320	0	7360			
	P1	4	80	11	-8975			
	P0	6	20	3	1615		又几乎算错，找到规律后可轻易核对	
429	P2	4	320	8	7200	前往成都		
	P1	4	80	8	-9135	与P1所在机构发生严重争执，其多次意图控制全部时间和行动内容		
	P0	6	20	-2	1935			
439	P2	4	320	13	6700		成都绿心田	
	P1	4	80	0	-8895			
	P0	6	20	1	2195			





