日期	时间类别			时间值	Token值	货币值	时间注释
501	P2	4	320	2	6660		在成都
	P1	4	80	0	-8895		
	P0	6	20	12	2235		
502	P2	4	320	0	6660		从成都回京
	P1	4	80	0	-8895		与好友聚会
	P0	6	20	14	2235		价值观问题和社交相关
503	P2	4	320	0	6660		过于疲惫，整天都在吃东西和休息
	P1	4	80	2	-8935		
	P0	6	20	12	2275		
504	P2	4	320	3.5	6590		
	P1	4	80	4	-9015		
	P0	6	20	6.5	2425		好友离婚，打电话1个半小时倾诉
505	P2	4	320	9.5	6250		清华大学、种子
	P1	4	80	1.5	-8895		
	P0	6	20	3	2645		
506	P2	4	320	7.25	6045		
	P1	4	80	3	-8895		
	P0	6	20	3.75	2850		
507	P2	4	320	7.75	5860		种子
	P1	4	80	3.5	-8935		
	P0	6	20	3.75	3075		
508	P2	4	320	11	5400		种子、清华
	P1	4	80	0	-8695		
	P0	6	20	3	3295		
509	P2	4	320	4	5320		
	P1	4	80	4	-8775		
	P0	6	20	6	3455		
510	P2	4	320	6.5	5115		前一天睡得太晚
	P1	4	80	2.75	-8755		
	P0	6	20	4.75	3640		
511	P2	4	320	5.5	4915		前一天打扫卫生，耗时1.5小时，所有日程推迟1.5小时，睡得太晚，第二天起得太晚
	P1	4	80	2	-8675		
	P0	6	20	6.5	3760		
516	P2	4	320	2.5	4310
	P1	4	80	6.75	-8760
	P0	6	20	4.75	4450
517	P2	4	320	4.25	4225		
	P1	4	80	5	-8860		
	P0	6	20	4.75	4635		
518	P2	4	320	3.5	4225		
	P1	4	80	5	-9030		
	P0	6	20	5.5	4805		
519	P2	4	320	4.5	4135		
	P1	4	80	4.5	-9120		
	P0	6	20	5	4985		一不小心就会算错
520	P2	4	320	7	3995		国图工作
	P1	4	80	4	-9200		
	P0	6	20	3	5205		
521	P2	4	320	4.75	3900		
	P1	4	80	4.25	-9285		
	P0	6	20	5	5385		
522	P2	4	320	8	3650		清华工作坊
	P1	4	80	2.5	-9245		
	P0	6	20	3.5	5595		
523	P2	4	320	5	3520		
	P1	4	80	3.5	-9285		
	P0	6	20	5.5	5765		
524	P2	4	320	0			朋友聚会，未工作
	P1	4	80	0			参观无用，请同事吃饭
	P0	6	20	14			

