日期	时间类别			时间值	Token值	货币值	时间注释
614	P2	4	320	1.5	720	
	P1	4	80	6	-720	
	P0	6	20	6.5	0	
615	P2	4	320	0	1200	
	P1	4	80	8	-1360	
	P0	6	20	6	160	
616	P2	4	320	0	1200	
	P1	4	80	8	-1360	
	P0	6	20	6	160	
617	P2	4	320	9	-420	
	P1	4	80	0	240	
	P0	6	20	5	180	
618	P2	4	320	4	-80	
	P1	4	80	3.5	-40	
	P0	6	20	6.5	120	
619	P2	4	320	4.5	-90	
	P1	4	80	4.5	-90	
	P0	6	20	5	180	
620	P2	4	320	7.5	-360	
	P1	4	80	0	160	
	P0	6	20	6.5	200	
621	P2	4	320	2.5	400	
	P1	4	80	1	160	
	P0	6	20	10.5	-560	
622	P2	4	320	3.5	80	
	P1	4	80	0	240	
	P0	6	20	10.5	-320	
623	P2	4	320	4.5	-120	
	P1	4	80	3.5	-40	
	P0	6	20	6	160	
624	P2	4	320	9.5	-330	
	P1	4	80	1.5	120	
	P0	6	20	3	210	
625	P2	4	320	3.5	80	
	P1	4	80	0	240	
	P0	6	20	10.5	320	
626	P2	4	320	5.5	-200	
	P1	4	80	0	240	
	P0	6	20	8.5	-40	
627	P2	4	320	12.25	-485	
	P1	4	80	0	240	
	P0	6	20	1.75	245	
628	P2	4	320	7.5	-360	
	P1	4	80	0	240	
	P0	6	20	6.5	120	
629	P2	4	320	8	-400	
	P1	4	80	0	240	
	P0	6	20	6	160	
630	P2	4	320			
	P1	4	80			
	P0	6	20			
